64 11111
38 11110
39 11101
115 1110011
202 111001011
210 111001010
170 11100100
117 1110001
116 1110000
89 110111
165 11011011
163 11011010
161 11011001
162 11011000
63 11010
62 11001
27 110001
205 110000111
197 110000110
195 110000101
193 110000100
113 1100000
61 10111
28 101101
87 101100
88 101011
15 10101011
164 10101010
152 10101001
194 101010001
199 101010000
40 10100
59 10011
60 10010
114 1000111
109 1000110
86 100010
57 10000
157 01111111
151 01111110
112 0111110
29 011110
42 01110
58 01101
111 0110011
155 01100101
232 0110010011
247 011001001011
246 011001001010
241 01100100100
192 011001000
21 0110001
156 01100001
150 01100000
41 01011
84 010101
83 010100
56 01001
110 0100011
148 01000101
11 010001001
187 010001000
85 010000
82 001111
153 00111011
227 0011101011
228 0011101010
10 001110100
154 00111001
149 00111000
43 00110
107 0010111
191 001011011
190 001011010
144 00101100
31 001010
44 00100
55 00011
46 00010
158 00001111
145 00001110
108 0000110
147 00001011
186 000010101
250 000010100111
248 000010100110
240 00001010010
225 0000101000
146 00001001
140 00001000
45 00000
54 11111
81 111101
30 111100
49 11101
53 11100
79 110111
189 110110111
233 1101101101
226 1101101100
142 11011010
106 1101100
52 11010
48 11001
47 11000
51 10111
50 10110
80 101011
32 101010
188 101001111
185 101001110
135 10100110
137 10100101
141 10100100
77 101000
219 1001111111
222 1001111110
183 100111110
16 10011110
104 1001110
78 100110
23 1001011
22 1001010
105 1001001
184 100100011
252 100100010111
251 1001000101101
2 10010001011001
1 100100010110001
255 10010001011000011
0 10010001011000010
254 1001000101100000
249 100100010101
5 100100010100
221 1001000100
134 10010000
103 1000111
136 10001101
133 10001100
33 100010
130 10000111
139 10000110
138 10000101
143 10000100
76 100000
223 0111111111
217 0111111110
9 0111111101
239 01111111001
242 01111111000
132 01111110
8 0111110111
218 0111110110
182 011111010
179 011111001
176 011111000
75 011110
74 011101
99 0111001
101 0111000
174 011011111
181 011011110
131 01101110
100 0110110
34 011010
224 0110011111
209 0110011110
180 011001110
123 01100110
102 0110010
12 011000111
178 011000110
126 01100010
24 0110000
124 01011111
17 01011110
121 01011101
129 01011100
175 010110111
220 0101101101
6 01011011001
244 010110110001
245 010110110000
128 01011010
127 01011001
177 010110001
216 0101100001
215 0101100000
35 010101
73 010100
72 010011
71 010010
119 01000111
122 01000110
173 010001011
13 010001010
18 01000100
95 0100001
97 0100000
98 0011111
125 00111101
171 001111001
234 00111100011
237 00111100010
214 0011110000
70 001110
25 0011011
201 0011010111
204 0011010110
166 001101010
19 00110100
69 001100
36 001011
213 0010101111
229 00101011101
7 00101011100
167 001010110
168 001010101
172 001010100
96 0010100
37 001001
93 0010001
120 00100001
212 0010000011
203 0010000010
207 0010000001
208 0010000000
66 000111
26 0001101
14 000110011
159 000110010
160 000110001
243 000110000111
4 0001100001101
253 00011000011001
3 00011000011000
238 00011000010
200 0001100000
68 000101
65 000100
67 000011
94 0000101
90 0000100
118 00000111
211 0000011011
206 0000011010
198 0000011001
231 00000110001
230 00000110000
92 0000010
91 0000001
20 00000001
169 000000001
196 0000000001
236 00000000001
235 00000000000
